2 38 38
1.0378819779e+00
-1.1907325339e-01
2.3760086339e-03
8.7956221233e-03
4.9266775152e-04
9.2261927543e-03
-2.4107416830e-02
3.2343841379e-02
-3.7783905837e-02
3.7479239301e-03
-2.2728752823e-03
6.9977984168e-03
-8.8919697009e-03
5.4568348924e-03
-1.0423076093e-03
1.5243164119e-02
6.8677227177e-03
-9.2254867464e-03
5.4484037031e-03
-2.4787352002e-03
1.0521280151e-02
6.9422330276e-02
3.2229514436e-03
-4.9318309516e-02
-1.9270924357e-04
1.1109439341e-04
5.1877667886e-04
-2.6792530210e-03
6.2920124563e-04
4.3608220469e-03
-5.4848372804e-04
3.0734723769e-04
-2.0212658100e-03
3.0677043322e-03
1.4340345808e-03
8.4290050256e-04
5.3879154919e-04
2.2648238229e-03
-1.1907325339e-01
4.2789073621e-01
-9.5032309960e-03
-4.1784337280e-02
-2.1019656297e-03
-2.5190540308e-02
4.6282622675e-02
-9.5602392265e-02
1.2252215598e-01
-1.0913182971e-02
8.4542133537e-03
-2.4155799816e-02
3.5081781932e-02
-2.7405539543e-02
4.2319152548e-03
-6.4050352414e-02
-3.0201453717e-02
3.9924384862e-02
6.4710180360e-04
-8.4751444959e-02
-2.8461774027e-02
-2.0572815347e-01
-9.0191667457e-03
1.4413762798e-01
6.8408800744e-04
-1.5218235330e-04
-1.3168555818e-03
1.3539435535e-02
-2.5994328013e-03
-1.6011264455e-02
2.6839988335e-03
-1.0206751426e-03
6.7530845199e-03
-1.2571478983e-02
-6.7137548501e-03
-4.0264324246e-03
-2.4179695625e-03
-6.0870463309e-03
2.3760086339e-03
-9.5032309960e-03
3.2353239907e-01
-5.3108052191e-03
-3.1250884914e-03
-3.3741347067e-02
1.0279905294e-01
-1.1176389097e-01
1.1834688653e-01
-2.2313467893e-02
1.1321568341e-02
-4.1944897367e-02
4.0661251722e-02
-1.1854435370e-02
2.8382733858e-03
-2.2407212926e-02
-2.6465833411e-02
3.6905696566e-02
-4.5197079949e-03
5.5462685091e-03
6.6175360226e-02
-7.0171416738e-02
-4.9526459820e-02
-2.4789739335e-01
-1.9765408794e-03
8.2158950057e-03
1.7051353451e-02
-1.1687131490e-02
7.2040317092e-03
9.6197868494e-03
-5.0408077103e-03
-5.1576997410e-04
4.0799604285e-03
1.9891407850e-03
-1.8061133075e-03
1.7204600755e-05
-4.0921843749e-05
-6.9375892697e-03
8.7956221233e-03
-4.1784337280e-02
-5.3108052191e-03
2.7728223688e-01
-2.2132029643e-03
3.0722946221e-02
-8.1895594111e-02
1.0114825720e-01
-1.1363012963e-01
1.0685748629e-02
-4.4453335634e-03
1.1524828253e-02
-2.4232851520e-02
1.2142278518e-02
-2.9757393714e-03
5.1487085549e-02
1.9051472527e-02
-3.0923572003e-02
-1.9612958881e-02
-1.2666109032e-03
-6.3890666159e-02
-2.7904889142e-01
-2.5967094260e-02
-7.5441806734e-02
-4.5501041123e-04
4.7207548293e-03
5.8837153960e-03
-6.3264824237e-03
2.8797809142e-03
-8.9481592314e-03
-1.3002214434e-03
-8.4268008292e-04
6.2269494791e-03
-1.8076561722e-02
-2.0129112871e-03
-3.1720011052e-03
-1.9525384445e-03
-9.8388546004e-03
4.9266775152e-04
-2.1019656297e-03
-3.1250884914e-03
-2.2132029643e-03
3.4091353084e-01
-4.1732437595e-03
1.3062557735e-02
-2.1895728674e-02
1.3887880772e-02
6.4870016387e-02
1.2710142962e-03
-4.4734723126e-03
4.4168004849e-03
-1.0184700785e-03
7.0734244172e-03
-2.5669282044e-03
-3.0104097462e-03
4.2196040109e-03
-1.0912048359e-03
4.7575766703e-04
-4.9286115036e-02
-2.6524261004e-02
3.8596811812e-01
-3.7512672594e-02
-4.0384126833e-04
1.9871576889e-03
4.9811105110e-03
-1.7252615724e-03
8.2141048264e-04
8.9802145040e-04
-1.4800642824e-03
3.6990631141e-05
-6.6901327489e-05
1.7094652514e-03
1.4413942759e-04
-1.1305230371e-03
7.5733639096e-04
-9.6951447083e-04
9.2261927543e-03
-2.5190540308e-02
-3.3741347067e-02
3.0722946221e-02
-4.1732437595e-03
1.0372975967e+00
-1.1251500184e-01
2.1022872503e-04
1.3880429365e-03
-6.0656625701e-05
1.2431956145e-02
-3.1695590974e-02
5.5361325846e-02
9.5145890990e-03
6.0374800395e-03
-5.0298268937e-02
1.2490272275e-02
1.3643088958e-02
-9.9706104136e-04
2.0467066610e-03
2.1834021859e-02
-1.3269761928e-02
2.8456479463e-03
1.8321172379e-02
-7.3498657044e-05
7.3022376893e-04
1.3572484716e-03
1.0680697128e-03
1.1151587867e-04
-2.3039188198e-03
-1.3923476238e-05
2.2094414343e-04
-1.3628503666e-03
7.9148833260e-04
1.0948423471e-03
4.2885707737e-04
3.2602549822e-04
1.0246861449e-03
-2.4107416830e-02
4.6282622675e-02
1.0279905294e-01
-8.1895594111e-02
1.3062557735e-02
-1.1251500184e-01
4.0072059335e-01
-2.0306579276e-02
-4.6278857909e-03
-1.8159947276e-03
-3.1405342976e-02
5.1492676378e-02
-1.4386145797e-01
-2.2744134635e-02
-1.5373136743e-02
1.4214501467e-01
-4.1425610743e-02
-4.5540674683e-02
1.9754364595e-03
4.0151916365e-04
-1.1771474864e-01
5.1684341644e-02
-1.5952498010e-02
-8.2048546279e-02
4.6500017153e-04
-3.7409616664e-03
-7.8237486707e-03
-5.7723668715e-03
-8.1187761286e-04
9.6414166952e-03
3.0850551578e-04
-1.0121692977e-03
6.0573719520e-03
-5.7021735439e-03
-4.6781968470e-03
-2.1018471888e-03
-1.5976389059e-03
-4.5356987780e-03
3.2343841379e-02
-9.5602392265e-02
-1.1176389097e-01
1.0114825720e-01
-2.1895728674e-02
2.1022872503e-04
-2.0306579276e-02
3.0269650952e-01
7.3219576484e-03
-1.3443867962e-02
-5.4300184633e-02
1.4036685150e-01
-2.1022001986e-01
-4.3489273822e-02
-6.7227480501e-02
-9.2961728771e-02
-4.2279943522e-02
-5.1256340947e-02
9.6369475080e-04
-9.8144143337e-03
7.4479198479e-02
-3.0859834169e-02
1.8882034172e-02
7.8260599122e-02
-1.3915481082e-04
1.6245748623e-03
4.5377440369e-03
3.8526821776e-03
2.9795443220e-04
-6.6051903225e-03
1.1606658502e-04
-4.7836228314e-05
-2.6336131163e-04
5.7433707504e-03
-2.4869763602e-03
-2.5142500761e-05
-9.7360936894e-05
3.9519515497e-03
-3.7783905837e-02
1.2252215598e-01
1.1834688653e-01
-1.1363012963e-01
1.3887880772e-02
1.3880429365e-03
-4.6278857909e-03
7.3219576484e-03
3.0757187213e-01
9.9014564762e-04
-1.1605569762e-02
3.1955354266e-02
-4.2686977425e-02
-4.6630250657e-03
-4.5633770490e-03
-2.6063751222e-01
-4.0575969210e-02
2.1746540011e-02
6.4355295603e-03
-2.2707595988e-02
-8.1096695200e-02
6.3823007349e-02
-9.1736450638e-03
-4.3058348134e-02
4.8610100567e-04
-3.8189390103e-03
-5.8613660903e-03
-4.1378876419e-03
-5.4959096826e-04
8.9309319912e-03
1.9513974011e-04
-6.4353277501e-04
4.1137830094e-03
-4.0573929879e-03
-1.5996172522e-03
-1.1754878548e-03
-1.0500824211e-03
-3.5135474924e-03
3.7479239301e-03
-1.0913182971e-02
-2.2313467893e-02
1.0685748629e-02
6.4870016387e-02
-6.0656625701e-05
-1.8159947276e-03
-1.3443867962e-02
9.9014564762e-04
4.1664421812e-01
-6.2661609485e-03
1.6394629602e-02
-6.6864749609e-02
-4.1506772652e-03
3.7729549214e-01
-1.0992137170e-02
-4.2722952600e-03
-5.7509734518e-03
3.8874402610e-04
-2.5806063092e-03
1.8076420833e-02
-7.9917599745e-04
-6.5638415030e-02
1.0507001274e-02
6.2306123041e-06
1.9232859906e-05
1.6354623095e-04
4.3126305922e-04
-2.1679635760e-04
-2.9328084056e-04
-1.3867953096e-04
1.0889999049e-04
-6.4784458473e-04
8.3395260999e-04
4.8749508551e-05
-6.5840156882e-04
6.9711154221e-04
2.5411445456e-04
-2.2728752823e-03
8.4542133537e-03
1.1321568341e-02
-4.4453335634e-03
1.2710142962e-03
1.2431956145e-02
-3.1405342976e-02
-5.4300184633e-02
-1.1605569762e-02
-6.2661609485e-03
1.0377793243e+00
-1.1435726575e-01
-1.4399034224e-03
-1.7832641748e-03
-6.0277162442e-05
1.3335179567e-02
-4.9520131418e-02
-4.9533193061e-02
-4.7905407921e-04
1.8867575722e-03
4.1753633629e-04
-3.5432728903e-03
-4.5838160821e-04
-8.0450199778e-03
-5.5549549763e-05
2.7038570557e-04
4.9319233401e-04
-3.6109769470e-04
2.3650921303e-04
1.5743890313e-04
-1.5599322922e-04
-6.7011887293e-04
3.0805766144e-03
3.3800168873e-04
-6.8850385498e-03
-1.7861986473e-03
-1.2964218226e-03
2.1708355737e-03
6.9977984168e-03
-2.4155799816e-02
-4.1944897367e-02
1.1524828253e-02
-4.4734723126e-03
-3.1695590974e-02
5.1492676378e-02
1.4036685150e-01
3.1955354266e-02
1.6394629602e-02
-1.1435726575e-01
4.0289519142e-01
2.1759050118e-02
1.1575945629e-02
2.1256481544e-03
-4.4809648968e-02
1.4230680199e-01
1.3920542321e-01
8.6591778373e-04
-2.8220482898e-03
-1.9015014749e-03
1.4231159020e-02
1.9128508388e-03
3.0140661809e-02
2.0378605582e-04
-9.3813711808e-04
-2.2684292934e-03
1.7096853029e-03
-1.1010318635e-03
-9.3887481733e-04
6.8628739663e-04
2.6935584000e-03
-1.2462204429e-02
-5.4222693108e-03
3.6977917421e-02
9.0743262010e-03
7.4134096585e-03
-7.1721977662e-03
-8.8919697009e-03
3.5081781932e-02
4.0661251722e-02
-2.4232851520e-02
4.4168004849e-03
5.5361325846e-02
-1.4386145797e-01
-2.1022001986e-01
-4.2686977425e-02
-6.6864749609e-02
-1.4399034224e-03
2.1759050118e-02
3.1137755465e-01
1.6877597835e-03
-6.2830175605e-03
4.1605693057e-02
9.3548125125e-02
1.7786461556e-01
-6.2809986142e-04
3.4711937906e-03
-1.6319070836e-02
-1.3888255806e-02
1.0296687422e-02
-3.8482632169e-02
-1.7874500391e-04
7.8824964449e-04
1.0760386263e-03
-1.6724310604e-03
7.3333273207e-04
1.1615738259e-03
-5.6821101635e-04
9.6155779881e-04
-4.5408832248e-03
-5.1598075684e-03
1.4229449085e-02
3.2608753916e-03
2.6069271993e-03
-4.4629875376e-03
5.4568348924e-03
-2.7405539543e-02
-1.1854435370e-02
1.2142278518e-02
-1.0184700785e-03
9.5145890990e-03
-2.2744134635e-02
-4.3489273822e-02
-4.6630250657e-03
-4.1506772652e-03
-1.7832641748e-03
1.1575945629e-02
1.6877597835e-03
3.3040698203e-01
-1.0736184595e-04
4.4327564280e-02
2.5610980020e-01
-2.1196604779e-01
1.0610226350e-03
-4.0808185041e-03
-1.3132904110e-02
1.7972823172e-03
-1.9547871720e-03
-1.7878872423e-03
7.9322405851e-05
-5.3076048175e-04
-1.0893852866e-03
-4.3643519898e-04
-2.1751379794e-04
7.1759642859e-04
1.5160356056e-04
3.6679385435e-03
-1.7757209595e-02
-4.2357052188e-03
3.7015769983e-02
9.8036211534e-03
8.1867531882e-03
-7.8829819803e-03
-1.0423076093e-03
4.2319152548e-03
2.8382733858e-03
-2.9757393714e-03
7.0734244172e-03
6.0374800395e-03
-1.5373136743e-02
-6.7227480501e-02
-4.5633770490e-03
3.7729549214e-01
-6.0277162442e-05
2.1256481544e-03
-6.2830175605e-03
-1.0736184595e-04
3.6272823081e-01
4.2121630003e-03
9.8803894262e-03
2.0163564247e-02
5.4396694685e-05
-2.5237374813e-04
1.7040045547e-02
3.7330202489e-03
-1.2880898426e-01
-1.7046793178e-03
4.9289153228e-05
-3.4253847314e-04
-8.6898917705e-04
-1.4975203423e-04
1.3150851833e-04
4.4388684203e-04
1.8878482872e-04
6.7659457023e-05
-2.8548329036e-04
-5.6551871011e-04
1.5157566431e-03
9.9288554308e-04
6.1931740548e-05
-5.3806175422e-04
1.5243164119e-02
-6.4050352414e-02
-2.2407212926e-02
5.1487085549e-02
-2.5669282044e-03
-5.0298268937e-02
1.4214501467e-01
-9.2961728771e-02
-2.6063751222e-01
-1.0992137170e-02
1.3335179567e-02
-4.4809648968e-02
4.1605693057e-02
4.4327564280e-02
4.2121630003e-03
2.9567351389e-01
5.9059309577e-02
-4.4627337504e-02
-2.8912778335e-03
1.1121696641e-02
2.4344919851e-02
-4.6910856915e-02
-4.5933428815e-05
-2.0445899031e-02
-3.7932405622e-04
2.3478610841e-03
4.6341240431e-03
-3.9215756309e-04
1.4433724490e-03
-2.2894942227e-03
-7.8336768113e-04
7.2647597842e-04
-3.8410404602e-03
-1.2465723163e-03
6.1306328784e-03
1.7656508717e-03
1.4814419020e-03
-5.0527238933e-04
6.8677227177e-03
-3.0201453717e-02
-2.6465833411e-02
1.9051472527e-02
-3.0104097462e-03
1.2490272275e-02
-4.1425610743e-02
-4.2279943522e-02
-4.0575969210e-02
-4.2722952600e-03
-4.9520131418e-02
1.4230680199e-01
9.3548125125e-02
2.5610980020e-01
9.8803894262e-03
5.9059309577e-02
2.7700551157e-01
-7.1578262490e-02
2.6616033014e-04
-1.3905953910e-03
1.2882473340e-02
-9.0319676886e-03
1.1763992243e-03
9.7483070136e-03
-3.3273124124e-05
3.2786742062e-04
1.1232508062e-03
7.9546547889e-04
1.5123001327e-04
-1.0048939156e-03
-5.9592312038e-05
1.4443864435e-03
-6.8484406334e-03
1.9759273731e-02
-2.4138117126e-02
-2.0082610922e-03
-3.9736231430e-03
-7.7459835134e-03
-9.2254867464e-03
3.9924384862e-02
3.6905696566e-02
-3.0923572003e-02
4.2196040109e-03
1.3643088958e-02
-4.5540674683e-02
-5.1256340947e-02
2.1746540011e-02
-5.7509734518e-03
-4.9533193061e-02
1.3920542321e-01
1.7786461556e-01
-2.1196604779e-01
2.0163564247e-02
-4.4627337504e-02
-7.1578262490e-02
2.8893587257e-01
-1.8642606340e-04
2.0213642517e-03
-9.0127695300e-03
3.6436460947e-03
-2.0627492014e-03
-2.2323049408e-02
-6.4420442886e-05
1.4628372089e-04
2.2964086197e-04
-1.3599930172e-03
4.4532266413e-04
1.3630281666e-03
-3.2155796532e-04
-9.5840598874e-04
5.1100422522e-03
-2.7990694470e-03
-7.9120612663e-03
-3.0874974425e-03
-2.4181832888e-03
1.0313417110e-03
5.4484037031e-03
6.4710180360e-04
-4.5197079949e-03
-1.9612958881e-02
-1.0912048359e-03
-9.9706104136e-04
1.9754364595e-03
9.6369475080e-04
6.4355295603e-03
3.8874402610e-04
-4.7905407921e-04
8.6591778373e-04
-6.2809986142e-04
1.0610226350e-03
5.4396694685e-05
-2.8912778335e-03
2.6616033014e-04
-1.8642606340e-04
1.0532211636e+00
-2.2748431704e-01
-6.3919047789e-03
-4.0715922664e-02
-1.9446865205e-03
6.5647046366e-03
-6.0939776918e-04
2.6450556350e-03
8.3075322714e-03
5.3852553128e-04
2.0466697404e-03
1.6719299698e-04
-1.4167964813e-03
-8.1164667540e-04
3.8762063232e-03
-1.0337194626e-02
-2.8048525056e-03
-2.0585845756e-03
-1.7300016045e-03
-1.2441706937e-03
-2.4787352002e-03
-8.4751444959e-02
5.5462685091e-03
-1.2666109032e-03
4.7575766703e-04
2.0467066610e-03
4.0151916365e-04
-9.8144143337e-03
-2.2707595988e-02
-2.5806063092e-03
1.8867575722e-03
-2.8220482898e-03
3.4711937906e-03
-4.0808185041e-03
-2.5237374813e-04
1.1121696641e-02
-1.3905953910e-03
2.0213642517e-03
-2.2748431704e-01
1.0184150128e+00
4.1626111538e-02
2.6535928928e-01
1.2659456836e-02
-2.1884893150e-02
2.8001312442e-03
-1.1258277948e-02
-4.3388126892e-02
-2.6154216368e-03
-1.1022298585e-02
-4.9803626122e-03
8.0156349513e-03
3.9322341889e-03
-1.7473395898e-02
5.6210179393e-02
1.4874489304e-02
1.1437301207e-02
9.9937086350e-03
-2.4117615453e-04
1.0521280151e-02
-2.8461774027e-02
6.6175360226e-02
-6.3890666159e-02
-4.9286115036e-02
2.1834021859e-02
-1.1771474864e-01
7.4479198479e-02
-8.1096695200e-02
1.8076420833e-02
4.1753633629e-04
-1.9015014749e-03
-1.6319070836e-02
-1.3132904110e-02
1.7040045547e-02
2.4344919851e-02
1.2882473340e-02
-9.0127695300e-03
-6.3919047789e-03
4.1626111538e-02
9.2054930511e-01
-7.0217153991e-02
5.7928209604e-02
1.8044804647e-01
-5.6561622665e-03
3.2152106691e-02
6.3194050963e-02
8.2322407345e-03
1.4661135132e-02
-3.3983708635e-02
-9.3662325701e-03
6.1837233325e-03
-3.5019028456e-02
5.9518137401e-02
1.7412149445e-02
1.1777930101e-02
1.0287746011e-02
3.3412328675e-02
6.9422330276e-02
-2.0572815347e-01
-7.0171416738e-02
-2.7904889142e-01
-2.6524261004e-02
-1.3269761928e-02
5.1684341644e-02
-3.0859834169e-02
6.3823007349e-02
-7.9917599745e-04
-3.5432728903e-03
1.4231159020e-02
-1.3888255806e-02
1.7972823172e-03
3.7330202489e-03
-4.6910856915e-02
-9.0319676886e-03
3.6436460947e-03
-4.0715922664e-02
2.6535928928e-01
-7.0217153991e-02
5.2629034156e-01
-9.5135963544e-03
2.9366400380e-02
3.1686953047e-03
-1.8583096438e-02
-2.9833530123e-02
-4.7394538953e-03
-6.1614547747e-03
2.2528365978e-02
4.1161203663e-03
2.6302214765e-03
-1.4139558723e-02
2.4176106317e-02
4.9398047850e-03
3.4529265395e-03
3.3452442588e-03
1.4320886320e-02
3.2229514436e-03
-9.0191667457e-03
-4.9526459820e-02
-2.5967094260e-02
3.8596811812e-01
2.8456479463e-03
-1.5952498010e-02
1.8882034172e-02
-9.1736450638e-03
-6.5638415030e-02
-4.5838160821e-04
1.9128508388e-03
1.0296687422e-02
-1.9547871720e-03
-1.2880898426e-01
-4.5933428815e-05
1.1763992243e-03
-2.0627492014e-03
-1.9446865205e-03
1.2659456836e-02
5.7928209604e-02
-9.5135963544e-03
5.1500201675e-01
2.6496474491e-02
-9.9893012394e-04
5.7178453720e-03
1.0530510493e-02
1.0541723533e-03
1.1015524474e-03
-5.5326887670e-03
-2.0785708235e-03
1.0306361669e-03
-5.8576002038e-03
1.0586978564e-02
3.2061918479e-03
2.0038128772e-03
1.3133149894e-03
6.2852268769e-03
-4.9318309516e-02
1.4413762798e-01
-2.4789739335e-01
-7.5441806734e-02
-3.7512672594e-02
1.8321172379e-02
-8.2048546279e-02
7.8260599122e-02
-4.3058348134e-02
1.0507001274e-02
-8.0450199778e-03
3.0140661809e-02
-3.8482632169e-02
-1.7878872423e-03
-1.7046793178e-03
-2.0445899031e-02
9.7483070136e-03
-2.2323049408e-02
6.5647046366e-03
-2.1884893150e-02
1.8044804647e-01
2.9366400380e-02
2.6496474491e-02
3.1075828024e-01
2.8384763150e-04
1.4608187967e-03
4.6558530807e-03
-6.5966576796e-03
1.2988670800e-03
-1.5939295598e-02
-1.7061761770e-03
1.4477563702e-03
-9.1923705805e-03
1.6604623532e-02
5.2672701307e-03
3.8411209684e-03
2.8893936497e-03
1.0553974432e-02
-1.9270924357e-04
6.8408800744e-04
-1.9765408794e-03
-4.5501041123e-04
-4.0384126833e-04
-7.3498657044e-05
4.6500017153e-04
-1.3915481082e-04
4.8610100567e-04
6.2306123041e-06
-5.5549549763e-05
2.0378605582e-04
-1.7874500391e-04
7.9322405851e-05
4.9289153228e-05
-3.7932405622e-04
-3.3273124124e-05
-6.4420442886e-05
-6.0939776918e-04
2.8001312442e-03
-5.6561622665e-03
3.1686953047e-03
-9.9893012394e-04
2.8384763150e-04
1.0515696588e+00
-2.2062460080e-01
2.2498855489e-02
1.5853658564e-02
3.9893809020e-02
-1.2222966684e-02
-1.1084014240e-02
2.2808475334e-06
-1.1578790298e-05
-1.2625073766e-04
-4.1071935374e-05
-4.1151865686e-05
-1.9190178403e-05
5.3412013037e-05
1.1109439341e-04
-1.5218235330e-04
8.2158950057e-03
4.7207548293e-03
1.9871576889e-03
7.3022376893e-04
-3.7409616664e-03
1.6245748623e-03
-3.8189390103e-03
1.9232859906e-05
2.7038570557e-04
-9.3813711808e-04
7.8824964449e-04
-5.3076048175e-04
-3.4253847314e-04
2.3478610841e-03
3.2786742062e-04
1.4628372089e-04
2.6450556350e-03
-1.1258277948e-02
3.2152106691e-02
-1.8583096438e-02
5.7178453720e-03
1.4608187967e-03
-2.2062460080e-01
9.8448110187e-01
-1.3970400971e-01
-9.9026676195e-02
-2.4890502196e-01
-1.2472409146e-02
-2.2368667758e-02
-6.7091548778e-06
-6.4393846627e-05
8.6560546410e-04
2.9933129144e-04
2.8115982405e-04
1.2542803536e-04
6.3778077555e-05
5.1877667886e-04
-1.3168555818e-03
1.7051353451e-02
5.8837153960e-03
4.9811105110e-03
1.3572484716e-03
-7.8237486707e-03
4.5377440369e-03
-5.8613660903e-03
1.6354623095e-04
4.9319233401e-04
-2.2684292934e-03
1.0760386263e-03
-1.0893852866e-03
-8.6898917705e-04
4.6341240431e-03
1.1232508062e-03
2.2964086197e-04
8.3075322714e-03
-4.3388126892e-02
6.3194050963e-02
-2.9833530123e-02
1.0530510493e-02
4.6558530807e-03
2.2498855489e-02
-1.3970400971e-01
4.4718477967e-01
3.2629337524e-02
1.0665514577e-01
3.4510417828e-01
-1.2534506439e-01
1.7847865835e-04
-1.1800313835e-03
2.8175719775e-03
8.0341340859e-04
7.7514909788e-04
4.9280885815e-04
1.1545177915e-03
-2.6792530210e-03
1.3539435535e-02
-1.1687131490e-02
-6.3264824237e-03
-1.7252615724e-03
1.0680697128e-03
-5.7723668715e-03
3.8526821776e-03
-4.1378876419e-03
4.3126305922e-04
-3.6109769470e-04
1.7096853029e-03
-1.6724310604e-03
-4.3643519898e-04
-1.4975203423e-04
-3.9215756309e-04
7.9546547889e-04
-1.3599930172e-03
5.3852553128e-04
-2.6154216368e-03
8.2322407345e-03
-4.7394538953e-03
1.0541723533e-03
-6.5966576796e-03
1.5853658564e-02
-9.9026676195e-02
3.2629337524e-02
9.4327263936e-01
-1.4687908767e-01
3.2969664396e-02
1.2062661581e-01
4.7148604316e-05
-3.0519540927e-04
5.1809899402e-04
1.8943476295e-04
1.5524566065e-04
1.1414392652e-04
3.1940813267e-04
6.2920124563e-04
-2.5994328013e-03
7.2040317092e-03
2.8797809142e-03
8.2141048264e-04
1.1151587867e-04
-8.1187761286e-04
2.9795443220e-04
-5.4959096826e-04
-2.1679635760e-04
2.3650921303e-04
-1.1010318635e-03
7.3333273207e-04
-2.1751379794e-04
1.3150851833e-04
1.4433724490e-03
1.5123001327e-04
4.4532266413e-04
2.0466697404e-03
-1.1022298585e-02
1.4661135132e-02
-6.1614547747e-03
1.1015524474e-03
1.2988670800e-03
3.9893809020e-02
-2.4890502196e-01
1.0665514577e-01
-1.4687908767e-01
6.1668045307e-01
6.9232545257e-02
3.1598385088e-01
5.3393433119e-05
-3.4891390522e-04
7.9106677241e-04
2.0608155886e-04
2.1162700286e-04
1.4035564929e-04
3.7274443949e-04
4.3608220469e-03
-1.6011264455e-02
9.6197868494e-03
-8.9481592314e-03
8.9802145040e-04
-2.3039188198e-03
9.6414166952e-03
-6.6051903225e-03
8.9309319912e-03
-2.9328084056e-04
1.5743890313e-04
-9.3887481733e-04
1.1615738259e-03
7.1759642859e-04
4.4388684203e-04
-2.2894942227e-03
-1.0048939156e-03
1.3630281666e-03
1.6719299698e-04
-4.9803626122e-03
-3.3983708635e-02
2.2528365978e-02
-5.5326887670e-03
-1.5939295598e-02
-1.2222966684e-02
-1.2472409146e-02
3.4510417828e-01
3.2969664396e-02
6.9232545257e-02
2.8918097580e-01
-9.2610802621e-02
1.4230522223e-05
2.9406834466e-04
-1.0664051970e-03
-4.6928408744e-04
-3.9023252270e-04
-1.5031158371e-04
-9.2437397055e-04
-5.4848372804e-04
2.6839988335e-03
-5.0408077103e-03
-1.3002214434e-03
-1.4800642824e-03
-1.3923476238e-05
3.0850551578e-04
1.1606658502e-04
1.9513974011e-04
-1.3867953096e-04
-1.5599322922e-04
6.8628739663e-04
-5.6821101635e-04
1.5160356056e-04
1.8878482872e-04
-7.8336768113e-04
-5.9592312038e-05
-3.2155796532e-04
-1.4167964813e-03
8.0156349513e-03
-9.3662325701e-03
4.1161203663e-03
-2.0785708235e-03
-1.7061761770e-03
-1.1084014240e-02
-2.2368667758e-02
-1.2534506439e-01
1.2062661581e-01
3.1598385088e-01
-9.2610802621e-02
3.0335495605e-01
-2.3707702553e-05
1.2959466319e-04
-4.1066926426e-04
-1.0355171451e-04
-1.1201573146e-04
-6.4929588608e-05
-6.1346890296e-05
3.0734723769e-04
-1.0206751426e-03
-5.1576997410e-04
-8.4268008292e-04
3.6990631141e-05
2.2094414343e-04
-1.0121692977e-03
-4.7836228314e-05
-6.4353277501e-04
1.0889999049e-04
-6.7011887293e-04
2.6935584000e-03
9.6155779881e-04
3.6679385435e-03
6.7659457023e-05
7.2647597842e-04
1.4443864435e-03
-9.5840598874e-04
-8.1164667540e-04
3.9322341889e-03
6.1837233325e-03
2.6302214765e-03
1.0306361669e-03
1.4477563702e-03
2.2808475334e-06
-6.7091548778e-06
1.7847865835e-04
4.7148604316e-05
5.3393433119e-05
1.4230522223e-05
-2.3707702553e-05
1.0515658673e+00
-2.2057510229e-01
-2.9239593058e-02
9.4197710080e-03
-3.7157731539e-02
-1.1157610786e-02
-1.2360748497e-02
-2.0212658100e-03
6.7530845199e-03
4.0799604285e-03
6.2269494791e-03
-6.6901327489e-05
-1.3628503666e-03
6.0573719520e-03
-2.6336131163e-04
4.1137830094e-03
-6.4784458473e-04
3.0805766144e-03
-1.2462204429e-02
-4.5408832248e-03
-1.7757209595e-02
-2.8548329036e-04
-3.8410404602e-03
-6.8484406334e-03
5.1100422522e-03
3.8762063232e-03
-1.7473395898e-02
-3.5019028456e-02
-1.4139558723e-02
-5.8576002038e-03
-9.1923705805e-03
-1.1578790298e-05
-6.4393846627e-05
-1.1800313835e-03
-3.0519540927e-04
-3.4891390522e-04
2.9406834466e-04
1.2959466319e-04
-2.2057510229e-01
9.8389906433e-01
1.8207306352e-01
-5.9420318782e-02
2.3167187920e-01
-2.1973840525e-02
-1.1040738141e-02
3.0677043322e-03
-1.2571478983e-02
1.9891407850e-03
-1.8076561722e-02
1.7094652514e-03
7.9148833260e-04
-5.7021735439e-03
5.7433707504e-03
-4.0573929879e-03
8.3395260999e-04
3.3800168873e-04
-5.4222693108e-03
-5.1598075684e-03
-4.2357052188e-03
-5.6551871011e-04
-1.2465723163e-03
1.9759273731e-02
-2.7990694470e-03
-1.0337194626e-02
5.6210179393e-02
5.9518137401e-02
2.4176106317e-02
1.0586978564e-02
1.6604623532e-02
-1.2625073766e-04
8.6560546410e-04
2.8175719775e-03
5.1809899402e-04
7.9106677241e-04
-1.0664051970e-03
-4.1066926426e-04
-2.9239593058e-02
1.8207306352e-01
5.4218998146e-01
-1.7708792634e-01
4.1784403403e-02
5.1077686137e-02
-3.3786287197e-01
1.4340345808e-03
-6.7137548501e-03
-1.8061133075e-03
-2.0129112871e-03
1.4413942759e-04
1.0948423471e-03
-4.6781968470e-03
-2.4869763602e-03
-1.5996172522e-03
4.8749508551e-05
-6.8850385498e-03
3.6977917421e-02
1.4229449085e-02
3.7015769983e-02
1.5157566431e-03
6.1306328784e-03
-2.4138117126e-02
-7.9120612663e-03
-2.8048525056e-03
1.4874489304e-02
1.7412149445e-02
4.9398047850e-03
3.2061918479e-03
5.2672701307e-03
-4.1071935374e-05
2.9933129144e-04
8.0341340859e-04
1.8943476295e-04
2.0608155886e-04
-4.6928408744e-04
-1.0355171451e-04
9.4197710080e-03
-5.9420318782e-02
-1.7708792634e-01
8.2856331885e-01
2.0420141609e-01
1.7958993342e-01
-8.6914856744e-02
8.4290050256e-04
-4.0264324246e-03
1.7204600755e-05
-3.1720011052e-03
-1.1305230371e-03
4.2885707737e-04
-2.1018471888e-03
-2.5142500761e-05
-1.1754878548e-03
-6.5840156882e-04
-1.7861986473e-03
9.0743262010e-03
3.2608753916e-03
9.8036211534e-03
9.9288554308e-04
1.7656508717e-03
-2.0082610922e-03
-3.0874974425e-03
-2.0585845756e-03
1.1437301207e-02
1.1777930101e-02
3.4529265395e-03
2.0038128772e-03
3.8411209684e-03
-4.1151865686e-05
2.8115982405e-04
7.7514909788e-04
1.5524566065e-04
2.1162700286e-04
-3.9023252270e-04
-1.1201573146e-04
-3.7157731539e-02
2.3167187920e-01
4.1784403403e-02
2.0420141609e-01
6.3802905738e-01
-3.0827386637e-01
-4.9751255186e-02
5.3879154919e-04
-2.4179695625e-03
-4.0921843749e-05
-1.9525384445e-03
7.5733639096e-04
3.2602549822e-04
-1.5976389059e-03
-9.7360936894e-05
-1.0500824211e-03
6.9711154221e-04
-1.2964218226e-03
7.4134096585e-03
2.6069271993e-03
8.1867531882e-03
6.1931740548e-05
1.4814419020e-03
-3.9736231430e-03
-2.4181832888e-03
-1.7300016045e-03
9.9937086350e-03
1.0287746011e-02
3.3452442588e-03
1.3133149894e-03
2.8893936497e-03
-1.9190178403e-05
1.2542803536e-04
4.9280885815e-04
1.1414392652e-04
1.4035564929e-04
-1.5031158371e-04
-6.4929588608e-05
-1.1157610786e-02
-2.1973840525e-02
5.1077686137e-02
1.7958993342e-01
-3.0827386637e-01
3.0271293220e-01
-9.1899042596e-02
2.2648238229e-03
-6.0870463309e-03
-6.9375892697e-03
-9.8388546004e-03
-9.6951447083e-04
1.0246861449e-03
-4.5356987780e-03
3.9519515497e-03
-3.5135474924e-03
2.5411445456e-04
2.1708355737e-03
-7.1721977662e-03
-4.4629875376e-03
-7.8829819803e-03
-5.3806175422e-04
-5.0527238933e-04
-7.7459835134e-03
1.0313417110e-03
-1.2441706937e-03
-2.4117615453e-04
3.3412328675e-02
1.4320886320e-02
6.2852268769e-03
1.0553974432e-02
5.3412013037e-05
6.3778077555e-05
1.1545177915e-03
3.1940813267e-04
3.7274443949e-04
-9.2437397055e-04
-6.1346890296e-05
-1.2360748497e-02
-1.1040738141e-02
-3.3786287197e-01
-8.6914856744e-02
-4.9751255186e-02
-9.1899042596e-02
2.8511563120e-01
