C        -1.2049859760    0.0947786736   -0.0817742140
C        -0.1907368504   -0.9622129645    0.0382451728
C         1.1127201537   -0.7171501880    0.1845986847
H        -0.5656371220   -1.9779187906   -0.0068560087
H         1.5025902803    0.2932759901    0.2259801854
H         1.8218797852   -1.5303403774    0.2646245375
O        -0.9899090529    1.2949713721   -0.0208777756
H        -2.2404781724   -0.2459351045   -0.2419112949
O        -3.7565958310    1.9887976796   -0.4893544576
H        -2.8001987412    2.0540263680   -0.3517413920
H        -4.1413733634    2.3011242330    0.3337023858
O         1.5886100277    2.5980267511    0.4087798095
H         1.7758572591    3.0853505338   -0.3981355684
H         0.6639776032    2.3231958236    0.3207499355
